NPC Data (Special)			Group			Current	Profession	Greet	Join	Event	Event	Event	Event	Event	Event	
#	Name	Pic	A	B	C	2D Location	 1 - 76	#	Y / N	# A	# B	# C	# D	# E	# F	Notes
1	Лорд Мархэм	709	0	0	0	186	0	1	0	1	2	3	34	187	0	
2	Судья Томас	707	0	0	0	186	0	2	0	5	6	0	0	0	0	
3	Маргарита проводница	162	0	0	0	0	0	3	0	7	9	42	0	0	0	
4	Айлисса музыкантка	163	0	0	0	0	0	4	0	10	11	12	0	0	0	
5	Салли	150	0	0	0	0	0	5	0	14	15	0	0	0	0	Sells seashells by the seashore
6	Г-н Мальвик	21	0	0	0	0	0	6	0	17	18	26	0	0	0	Offers an item now for a favor later
7	Сал Шарктус	20	0	0	0	0	0	8	0	21	22	0	0	0	0	Ambusher leader in Emerald Isle
8	Брент Филиант	6	0	0	0	0	0	10	0	27	28	29	0	0	0	Trade hat for red potion
9	Кэролин Витерс	158	0	0	0	239	0	11	0	0	402	404	0	0	0	Elemental Guild Membership
10	Роджер Теллмар	10	0	0	0	240	0	12	0	0	406	408	0	0	0	Self Guild Membership
11	Вильям Дарвис	77	0	0	0	238	0	13	0	32	0	0	0	0	0	Boatman to take party to area 2
12	Донна Вирит	219	0	0	0	224	0	14	0	36	37	0	0	0	0	Sally's mom in dragon house
13	Грант Валандир	32	0	0	0	226	0	15	0	40	41	0	0	0	0	Back of the weapon shop
14	Миа Люсиль	216	0	0	0	225	0	16	0	38	39	0	0	0	0	Favor for Mark near entrance to town
15	Вильям Ласкер	925	0	0	0	185	0	37	0	44	287	302	208	0	0	Good Thief promoter	23
16	Секнит Андершадоу	17	0	0	0	345	0	40	0	48	49	0	0	0	0	Evil Thief promoter	5
17	Сэр Чарльз Кихот	36	0	0	0	303	0	43	0	51	0	0	0	0	0	Good Paladin promoter	3
18	Вильям Сетаг	40	0	0	0	0	0	49	0	56	0	0	0	0	0	Evil Paladin promoter	5
19	Оскар осёл	967	0	0	0	0	0	222	0	606	607	0	0	0	0	Cavalier horse	2
20	Виспер конь	968	0	0	0	0	0	222	0	605	0	0	0	0	0	Cavalier horse	3
21	Стар конь	969	0	0	0	0	0	222	0	605	0	0	0	0	0	Cavalier horse	4
22	Спирит конь	970	0	0	0	0	0	223	0	606	607	0	0	0	0	Cavalier horse	5
23	Сильвер пегас	971	0	0	0	0	0	222	0	608	0	0	0	0	0	Cavalier horse	6
24	Дасти боевой конь	972	0	0	0	0	0	222	0	0	0	0	0	0	0	Cavalier horse	13
25	Чарли единорог	973	0	0	0	0	0	222	0	0	0	0	0	0	0	Cavalier horse	14
26	Маргарита проводница	162	0	0	0	0	0	25	0	0	0	0	0	0	0	Docent for the tour 8	
27	Маргарита проводница	162	0	0	0	0	0	26	0	0	0	0	0	0	0	Docent for the tour 9	
28	Маргарита проводница	162	0	0	0	0	0	27	0	0	0	0	0	0	0	Docent for the tour 10	
29	Маргарита проводница	162	0	0	0	0	0	28	0	0	0	0	0	0	0	Docent for the tour 11	
30	Маргарита проводница	162	0	0	0	0	0	29	0	0	0	0	0	0	0	Docent for the tour 12	
31	Маргарита проводница	162	0	0	0	0	0	30	0	0	0	0	0	0	0	Docent for the tour 13	
32	Маргарита проводница	162	0	0	0	0	0	31	0	0	0	0	0	0	0	Docent for the tour 14	
33	Маргарита проводница	162	0	0	0	0	0	32	0	0	0	0	0	0	0	Docent for the tour 15	
34	Маргарита проводница	162	0	0	0	0	0	33	0	0	0	0	0	0	0	Docent for the tour 16	
35	Маргарита проводница	162	0	0	0	0	0	34	0	0	0	0	0	0	0	Docent for the tour 17	
36	Маргарита проводница	162	0	0	0	0	0	35	0	0	0	0	0	0	0	Docent for the tour 18	
37	Маргарита проводница	162	0	0	0	0	0	36	0	0	0	0	0	0	0	Docent for the tour 19	
38	Варфоломей Хьюм	90	0	0	0	490	0	51	0	58	0	0	0	0	0	Good Monk promoter	2
39	Стефан Сэнд	41	0	0	0	437	0	54	0	63	0	0	0	0	0	Evil Monk promoter	8
40	Лоренс Марк	26	0	0	0	468	0	56	0	65	0	0	0	0	0	Good Archer promoter	2
41	Стегал Сник	4	0	0	0	382	0	58	0	67	0	0	0	0	0	Evil Archer promoter	14
42	Леда Роуэн	191	0	0	0	481	0	60	0	71	0	0	0	0	0	Good Knight promoter	6
43	Фредерик Орг	81	0	0	0	304	0	62	0	73	0	0	0	0	0	Evil Knight promoter	3
44	Лисандр Свит	43	0	0	0	503	0	64	0	77	0	0	0	0	0	Good Ranger promoter	6
45	Эбеднизер Соуэр	63	0	0	0	330	0	66	0	79	0	0	0	0	0	Evil Ranger promoter	4
46	Ребекка Дивайн	225	0	0	0	422	0	72	0	86	0	0	0	0	0	Good Cleric promoter	7
47	Дедал Фальк	52	0	0	0	347	0	74	0	88	0	0	0	0	0	Evil Cleric promoter	5
48	Томас Грей	64	0	0	0	521	0	76	0	92	0	0	0	0	0	Good Sorcerer promoter	6
49	Хавгилд Вайнак	962	0	0	0	436	0	78	0	96	0	0	0	0	0	Evil Sorcerer promoter	8
50	Энтони Грин	45	0	0	0	312	0	80	0	98	0	0	0	0	0	Good Druid promoter	4
51	Тор Анвин	7	0	0	0	358	0	82	0	102	0	0	0	0	0	Evil Druid promoter	10
52	Король фей	424	0	0	0	0	0	68	0	83	189	0	0	0	0	Faerie King (hunter promo end)	
53	Самое Старое дерево	965	0	0	0	0	0	69	0	84	0	0	0	0	0	The Oldest Tree (Ranger lord end)	
54	Алиса Харгривс	167	0	0	0	0	0	47	0	55	0	0	0	0	0	Capture/Rescue girl for Paladin 2nd promotion	
55	Варфоломей Хьюм	90	0	0	0	0	0	53	0	60	0	0	0	0	0	Bartholomew for dungeon promo event	
56	Голем	963	0	0	0	0	0	84	0	104	105	0	0	0	0	Golem party gets to construct	
57	Детеныш дракона	961	0	0	0	0	0	169	0	0	0	0	0	0	0	Baby Dragon familiar for Warlock quest	
58	Дворецкий	60	0	0	0	0	0	85	0	106	508	0	0	0	0	Player Castle	
59	Готфарр IX	904	0	0	0	421	0	87	0	107	0	0	0	0	0	Dwarf King	39
60	Дратен Келдин	300	0	0	0	0	0	89	0	0	0	0	0	0	0		
61	Джейсен Келдин	319	0	0	0	0	0	90	0	0	0	0	0	0	0		
62	Ярроу Келдин	315	0	0	0	0	0	90	0	0	0	0	0	0	0		
63	Фазиль Келдин	329	0	0	0	0	0	90	0	0	0	0	0	0	0	
64	Ред Келдин	310	0	0	0	0	0	90	0	0	0	0	0	0	0	
65	Том Келдин	322	0	0	0	0	0	90	0	0	0	0	0	0	0	
66	Арвин Келдин	307	0	0	0	0	0	90	0	0	0	0	0	0	0	
67	Эллен Роквей	224	0	0	0	0	0	91	0	116	117	118	119	0	0	Human Ambassador
68	Ален Хани	402	0	0	0	0	0	92	0	120	121	122	123	0	0	Elven Ambassador
69	Королева Катерина	921	0	0	0	176	0	93	0	124	126	127	129	130	0	
70	Король эльфов	912	0	0	0	178	0	95	0	131	133	134	136	137	0	
71	Лорен Стил	72	0	0	0	0	0	147	0	0	0	0	0	0	0	
72	Лже - Лорен	72	0	0	0	0	0	148	0	0	0	0	0	0	0	
73	Гонец	51	0	0	0	0	0	97	0	0	0	0	0	0	0	Artifact Battle
74	Судья Грей	938	0	0	0	189	0	98	0	138	139	140	0	0	0	
75	Посол Райт	44	0	0	0	0	0	99	0	579	581	0	0	0	0	Wizard Ambassador
76	Посол Скейл	74	0	0	0	0	0	100	0	580	582	0	0	0	0	Necro Ambassador
77	Судья Фейрвезер	919	0	0	0	0	0	104	0	143	0	0	0	0	0	good arbiter (144/139)
78	Судья Слин	907	0	0	0	0	0	101	0	141	0	0	0	0	0	evil arbiter (142/139)
79	Гэвин Магнус 	958	0	0	0	182	0	209	0	583	259	591	0	0	0	Wizard Boss	
80	Ресуректра	804	0	0	0	0	0	110	0	147	149	0	0	0	0	Good MM3 Boss	7
81	Крэг Хак	801	0	0	0	0	0	114	0	151	0	0	0	0	0	Good MM3	7
82	Сэр Канегем	800	0	0	0	0	0	117	0	153	0	0	0	0	0	Good MM3	7
83	Роберт Мудрый	807	0	0	0	0	0	120	0	155	589	0	0	0	0	Good MM3	7
84	Кастор	805	0	0	0	0	0	122	0	157	159	0	0	0	0	Evil MM3 Boss	8
85	Максимус	802	0	0	0	0	0	126	0	161	0	0	0	0	0	Evil MM3	8
86	Дарк Шэйд	803	0	0	0	0	0	129	0	163	0	0	0	0	0	Evil MM3	8
87	Толберти	806	0	0	0	0	0	132	0	165	590	0	0	0	0	Evil MM3	8
88	Арчибальд Айронфист	947	0	0	0	180	0	211	0	584	262	592	0	0	0	Necro Boss	
89	Храм Света	960	0	0	0	80	0	0	0	173	0	0	0	0	0	Dungeon Entrance	
90	Храм Тьмы	960	0	0	0	81	0	0	0	174	0	0	0	0	0	Dungeon Entrance	
91	Гонец	34	0	0	0	0	0	150	0	0	0	0	0	0	0	Arbiter death	
92	Леди Кармин	189	0	0	0	0	0	180	0	0	0	0	0	0	0		
93	Тарин Витерн	33	0	0	0	75	0	151	0	179	0	0	0	0	0	Lantern Quest	2
94	Мэзим Даск	41	0	0	0	364	0	153	0	181	0	0	0	0	0	Haldar's Remains Quest	10
95	Дэврик Пеладиум	85	0	0	0	108	0	155	0	183	0	0	0	0	0	Davrik's Signet Ring Quest	2
96	Норберт Траш	51	0	0	0	301	0	157	0	185	0	0	0	0	0	Quill	3
97	Иоханн Керрид	425	0	0	0	322	0	159	0	188	0	0	0	0	0	Faerie Pipes Quest	4
98	Гонец	41	0	0	0	0	0	161	0	0	0	0	0	0	0		
99	Найлз Стэнтли	37	0	0	0	0	0	162	0	191	192	0	0	0	0		
100	Спарк Бернкайндл	319	0	0	0	418	0	163	0	194	0	0	0	0	0	Kill Troggie Quest	23
101	Тон Витерсмит	39	0	0	0	472	0	0	0	200	315	0	0	0	0	Expert Staff (2)	2
102	Элси Педертон	206	0	0	0	475	0	0	0	201	316	0	0	0	0	Master Staff (6)	6
103	Джиллиан Митрит	465	0	0	0	378	0	0	0	202	0	0	0	0	0	Grand Master Staff (14)	14
104	Пейдж Ривенхилл	194	0	0	0	285	0	0	0	203	317	0	0	0	0	Expert Sword (3)	3
105	Тугор Слайсер	510	0	0	0	346	0	0	0	204	318	0	0	0	0	Master Sword (5)	6
106	Чедрик Таунсейвер	35	0	0	0	486	0	0	0	205	483	0	0	0	0	Grand Master Sword (2)	2
107	Морти Оттин	19	0	0	0	319	0	0	0	206	319	0	0	0	0	Expert Dagger (4)	4
108	Азног Слэшер	518	0	0	0	509	0	0	0	207	320	0	0	0	0	Master Dagger (10)	10
109	Токен Фист	375	0	0	0	400	0	0	0	208	444	0	0	0	0	Grand Master Dagger (13)	23
110	Тургон Вудсплиттер	317	0	0	0	486	0	0	0	209	321	0	0	0	0	Expert Axe (2)	2
111	Далин Кинэдж	328	0	0	0	413	0	0	0	210	322	0	0	0	0	Master Axe (39)	39
112	Карн Стоунклевер	325	0	0	0	394	0	0	0	211	444	424	0	0	0	Grand Master Axe (13)	13
113	Керин Грейдон	466	0	0	0	367	0	0	0	212	323	0	0	0	0	Expert Spear (13)	13
114	Кладерин Сильверпойнт	401	0	0	0	310	0	0	0	213	324	0	0	0	0	Master Spear (4)	4
115	Селин Фальконай	467	0	0	0	414	0	0	0	214	438	0	0	0	0	Grand Master Spear (39)	39
116	Джейсин Шуртрейл	409	0	0	0	309	0	0	0	215	325	0	0	0	0	Expert Bow (4)	4
117	Ланши Равенсайт	467	0	0	0	511	0	0	0	216	326	0	0	0	0	Master Bow (10)	10
118	Кардрик Верный	400	0	0	0	468	0	0	0	217	480	0	0	0	0	Grand Master Bow (2)	2
119	Олдрин Тамлок	307	0	0	0	419	0	0	0	218	327	0	0	0	0	Expert Mace (39)	39
120	Брат Ротхэм	79	0	0	0	412	0	0	0	219	328	0	0	0	0	Master Mace (13)	13
121	Пэтвин Феллберн	613	0	0	0	344	0	0	0	220	489	0	0	0	0	Grand Master Mace (5)	5
122	Луний Шадор	12	0	0	0	0	0	194	0	513	514	0	0	0	0	Area 5 Ambusher	
123	Арчибальд Айронфист	947	0	0	0	0	0	0	0	0	0	0	0	0	0	Area 12 Archibald	
124	Великий магистр Бластера	1	0	0	0	0	0	0	0	223	0	0	0	0	0	Grand Master Blaster	
125	Паундин Лоттс	329	0	0	0	291	0	0	0	224	329	0	0	0	0	Expert Shield (39)	39
126	Исрам Галлоусвелл	611	0	0	0	393	0	0	0	225	330	0	0	0	0	Master Shield (13)	13
127	Федвин Смитсон	71	0	0	0	350	0	0	0	226	449	0	0	0	0	Grand Master Shield (9)	9
128	Дуглас Иверсон	94	0	0	0	472	0	0	0	227	331	0	0	0	0	Exper Leather (2)	2
129	Рабиса Недлон	168	0	0	0	512	0	0	0	228	332	0	0	0	0	Master Leather (10)	10
130	Мийон Быстрый	25	0	0	0	311	0	0	0	229	0	0	0	0	0	Grand Master Leather (4)	4
131	Джилад Бит	404	0	0	0	308	0	0	0	230	333	0	0	0	0	Expert Chain (4)	4
132	Медвари Драконтрекер	415	0	0	0	383	0	0	0	231	334	0	0	0	0	Master Chain (14)	14
133	Халиан Невемор	50	0	0	0	341	0	0	0	232	445	0	0	0	0	Grand Master Chain (5)	5
134	Велдрик Лоттс	326	0	0	0	402	0	0	0	233	335	0	0	0	0	Expert Plate (13)	13
135	Декиан Форджрайт	13	0	0	0	289	0	0	0	234	336	0	0	0	0	Master Plate (3)	3
136	Брэнд Мастер	14	0	0	0	482	0	0	0	235	490	0	0	0	0	Grand Master Plate (6)	6
137	Киндл Трежурстоун	472	0	0	0	316	0	0	0	236	337	0	0	0	0	Expert Fire_Magic (4)	4
138	Ашен Темпер	192	0	0	0	470	0	0	0	237	338	0	0	0	0	Master Fire_Magic (2)	2
139	Блейз 	205	0	0	0	493	0	0	0	238	421	0	0	0	0	Grand Master Fire_Magic (3)	3
140	Сетрик Виндсонг	419	0	0	0	317	0	0	0	239	339	0	0	0	0	Expert Air_Magic (4)	4
141	Рислин Гринсторм	460	0	0	0	379	0	0	0	240	340	0	0	0	0	Master Air_Magic (14)	14
142	Гейл	193	0	0	0	479	0	0	0	241	445	0	0	0	0	Grand Master Air_Magic (6)	6
143	Джеральд Белый Колпак	417	0	0	0	318	0	0	0	242	341	0	0	0	0	Expert Water_Magic (4)	4
144	Тобрен Рейншильд	226	0	0	0	364	0	0	0	243	342	0	0	0	0	Master Water_Magic (10)	10
145	Торрент	78	0	0	0	489	0	0	0	244	484	0	0	0	0	Grand Master Water_Magic (2)	2
146	Йохансон Керн	8	0	0	0	485	0	0	0	245	343	0	0	0	0	Expert Earth_Magic (2)	2
147	Лара Стоунрайт	461	0	0	0	328	0	0	0	246	344	0	0	0	0	Master Earth_Magic (4)	4
148	Аваланш	502	0	0	0	499	0	0	0	247	423	0	0	0	0	Grand Master Earth_Magic (5)	5
149	Бертрам Стилвотер	29	0	0	0	467	0	0	0	248	345	0	0	0	0	Expert Spirit_Magic (2)	2
150	Хитер Дримрайт	164	0	0	0	495	0	0	0	249	346	0	0	0	0	Master Spirit_Magic (3)	3
151	Бенджамин Спокойный	65	0	0	0	327	0	0	0	250	440	0	0	0	0	Grand Master Spirit_Magic (4)	4
152	Джулиан копатель	61	0	0	0	293	0	0	0	251	347	0	0	0	0	Expert Mind_Magic (3)	3
153	Майлс Фезервинд	419	0	0	0	376	0	0	0	252	348	0	0	0	0	Master Mind_Magic (14)	14
154	Ксавьер Бремен	97	0	0	0	369	0	0	0	253	446	0	0	0	0	Grand Master Mind_Magic (13)	13
155	Стратон Хиллсман	82	0	0	0	466	0	0	0	254	349	0	0	0	0	Expert Body_Magic (2)	2
156	Брат Бомбах	83	0	0	0	397	0	0	0	255	350	0	0	0	0	Master Body_Magic (13)	13
157	Темпус	48	0	0	0	504	0	0	0	256	430	0	0	0	0	Grand Master Body_Magic (14)	14
158	Этан Лайтсворн	42	0	0	0	477	0	0	0	257	379	0	0	0	0	Expert Light_Magic (6)	6
159	Хелена Морнингстар	155	0	0	0	423	0	0	0	258	380	0	0	0	0	Master Light_Magic (7)	7
160	Шамус Донбрингер	163	0	0	0	0	0	0	0	259	0	0	0	0	0	Hint NPC	
161	Ясп Найткроулер	234	0	0	0	343	0	0	0	260	381	0	0	0	0	Expert Dark_Magic (5)	5
162	Сет Даркенмор	189	0	0	0	436	0	0	0	261	382	454	0	0	0	Master Dark_Magic (8)	8
163	Карлин Арахниа	49	0	0	0	0	0	0	0	262	432	0	0	0	0	Hint NPC	
164	Фентон Крюлен	56	0	0	0	471	0	0	0	263	351	0	0	0	0	Expert Identify_Item (2)	2
165	Самюэль Бенсон	75	0	0	0	483	0	0	0	264	352	0	0	0	0	Master Identify_Item (6)	6
166	Пейдж Блюсван	463	0	0	0	315	0	0	0	265	443	0	0	0	0	Grand Master Identify_Item (4)	4
167	Матрик Везерсон	30	0	0	0	329	0	0	0	266	353	0	0	0	0	Expert Merchant (4)	4
168	Бетольд Каверхилл	85	0	0	0	348	0	0	0	267	354	0	0	0	0	Master Merchant (9)	9
169	Бригхэм Скромный	18	0	0	0	480	0	0	0	268	434	0	0	0	0	Grand Master Merchant (6)	6
170	Шейн Томас	2	0	0	0	471	0	0	0	269	355	0	0	0	0	Expert Repair_Item (2)	2
171	Томас Мор	98	0	0	0	411	0	0	0	270	356	0	0	0	0	Master Reapir_Item (13)	13
172	Гарет Умелец	15	0	0	0	288	0	0	0	271	418	0	0	0	0	Grand Master Repair_Item (3)	3
173	Келли Холифилд	368	0	0	0	502	0	0	0	272	357	0	0	0	0	Expert Body_building (6)	6
174	Ванда Фоустрайк	389	0	0	0	333	0	0	0	273	358	0	0	0	0	Master Body_Building (5)	5
175	Эвандар Томас	516	0	0	0	357	0	0	0	274	460	0	0	0	0	Grand Master Body_Building (10)	10
176	Барбара Вайзман	161	0	0	0	342	0	0	0	275	359	0	0	0	0	Expert Meditation (5)	5
177	Тесса Гринсвард	152	0	0	0	477	0	0	0	276	360	0	0	0	0	Master Meditation (6)	6
178	Кейн	418	0	0	0	505	0	0	0	277	431	0	0	0	0	Grand Master Meditation (14)	14
179	Грегори Вейдер	57	0	0	0	487	0	0	0	278	361	0	0	0	0	Expert Perception (2)	2
180	Гаррет Доутс	416	0	0	0	314	0	0	0	279	362	0	0	0	0	Master Perception (4)	4
181	Петра Клеарай	594	0	0	0	332	0	0	0	280	489	0	0	0	0	Grand Master Perception (5)	5
182	Квиллен Ларасель	400	0	0	0	276	0	191	0	501	0	0	0	0	0	Ore for weapon	
183	Роберт Саурбрау	320	0	0	0	277	0	192	0	502	0	0	0	0	0	Ore for armor	
184	Клауд Агрейнел	169	0	0	0	279	0	193	0	503	0	0	0	0	0	Ore for misc	
185	Экспертное воровство	1	0	0	0	0	0	0	0	284	0	0	0	0	0	Expert Thievery	
186	Мастерское воровство	1	0	0	0	0	0	0	0	285	0	0	0	0	0	Master Thievery	
187	Магистерское воровство	1	0	0	0	0	0	0	0	286	0	0	0	0	0	Grand Master Thievery	
188	Гретхен Фидлбоун	479	0	0	0	321	0	0	0	287	363	0	0	0	0	Expert Lock_Pick (4)	4
189	Ленорд Скиннер	31	0	0	0	488	0	0	0	288	364	0	0	0	0	Master Lock_Pick (2)	2
190	Силк Квиктанг	610	0	0	0	359	0	0	0	289	496	0	0	0	0	Grand Master Lock_Pick (10)	10
191	Шелдон Мист	242	0	0	0	465	0	0	0	290	365	0	0	0	0	Expert Dodging (2)	2
192	Оберик Крейн	96	0	0	0	349	0	0	0	291	366	0	0	0	0	Master Dodging (9)	9
193	Кеннет Вейн	37	0	0	0	496	0	0	0	292	419	0	0	0	0	Grand Master Dodging (3)	3
194	Кира Стилай	157	0	0	0	465	0	0	0	293	367	0	0	0	0	Expert Unarmed (2)	2
195	Ульбрехт Дебошир	615	0	0	0	349	0	0	0	294	368	0	0	0	0	Master Unarmed (9)	9
196	Норрис 	24	0	0	0	494	0	0	0	295	482	0	0	0	0	Grand Master Unarmed (3)	3
197	Альтон Блэк	406	0	0	0	320	0	0	0	296	369	0	0	0	0	Expert Identify_Monster (4)	4
198	Джени Свифтфут	468	0	0	0	385	0	0	0	297	370	0	0	0	0	Master Identify_Monster (14)	14
199	Райвен Охотник	47	0	0	0	487	0	0	0	298	481	0	0	0	0	Grand Master Identify_Monster (2)	2
200	Эдгар Ботхэм	514	0	0	0	337	0	0	0	299	371	0	0	0	0	Expert Armsmaster (5)	5
201	Паула Брайтспир	413	0	0	0	370	0	0	0	300	372	0	0	0	0	Master Armsmaster (14)	14
202	Ласитер Убийца	8	0	0	0	514	0	0	0	301	444	0	0	0	0	Grand Master Armsmaster (12)	12
203	Перин Лайтфингер	28	0	0	0	488	0	0	0	302	373	0	0	0	0	Expert Stealing (2)	2
204	Лин Шадоураннер	166	0	0	0	335	0	0	0	303	374	0	0	0	0	Master Stealing (5)	5
205	Эверил Найтвокер	403	0	0	0	389	0	0	0	304	446	0	0	0	0	Grand Master Stealing (13)	13
206	Эдгар Виллоубарк	408	0	0	0	323	0	0	0	305	375	0	0	0	0	Expert Alchemy (4)	4
207	Элзбет Винтерспун	207	0	0	0	508	0	0	0	306	376	0	0	0	0	Master Alchemy (10)	10
208	Люсид Эппл	643	0	0	0	506	0	0	0	307	435	0	0	0	0	Grand Master Alchemy (14)	14
209	Агата Путнам	203	0	0	0	497	0	0	0	308	377	0	0	0	0	Expert Learning (5)	5
210	Дороти Сеньяк	204	0	0	0	358	0	0	0	309	378	0	0	0	0	Master Learning (10)	10
211	Вильям Смитсон	614	0	0	0	350	0	0	0	310	449	0	0	0	0	Grand Master Learning (9)	9
212	Гарик Хоторн	62	0	0	0	513	0	0	0	200	315	0	0	0	0	Expert Staff (10)	10
213	Флинн Эрин	16	0	0	0	405	0	0	0	203	317	0	0	0	0	Expert Sword (13)	13
214	Веселый Джек	58	0	0	0	474	0	0	0	206	319	0	0	0	0	Expert Dagger (6)	6
215	Ворт Гоблинривер	632	0	0	0	384	0	0	0	209	321	0	0	0	0	Expert Axe (14)	14
216	Касандра Холден	414	0	0	0	371	0	0	0	212	323	0	0	0	0	Expert Spear (14)	14
217	Вил Рудиман	93	0	0	0	474	0	0	0	215	325	0	0	0	0	Expert Bow (6)	6
218	Норберт Хавест	89	0	0	0	307	0	0	0	218	327	0	0	0	0	Expert Mace (3)	3
219	Эксперт Бластера	1	0	0	0	0	0	0	0	221	0	0	0	0	0	Expert Blaster	
220	Рэндал Вольвертон	86	0	0	0	270	0	0	0	224	329	0	0	0	0	Expert Shield (3)	3
221	Мигель Дирхантер	630	0	0	0	384	0	0	0	227	331	0	0	0	0	Expert Leather (14)	14
222	Трисия Стилкойф	240	0	0	0	392	0	0	0	230	333	0	0	0	0	Expert Chain (13)	13
223	Критиас Бернкайндл	325	0	0	0	418	0	0	0	233	529	0	0	0	0	Expert Plate (13)	13
224	Лиша Реддинг	154	0	0	0	398	0	0	0	236	337	0	0	0	0	Expert Fire_Magic (13)	13
225	Кира Стормай	156	0	0	0	368	0	0	0	239	339	0	0	0	0	Expert Air_Magic (13)	13
226	Карла Равенхейр	480	0	0	0	377	0	0	0	242	341	0	0	0	0	Expert Water_Magic (14)	14
227	Яспер Велман	320	0	0	0	415	0	0	0	245	343	475	0	0	0	Expert Earth_Magic (39)	39
228	Соломон Риверстоун	100	0	0	0	351	0	0	0	248	345	0	0	0	0	Expert Spirit_Magic (13)	13
229	Хельга Вайтскай	207	0	0	0	352	0	0	0	251	347	0	0	0	0	Expert Mind_Magic (10)	10
230	Тристен Хартсворн	64	0	0	0	298	0	0	0	254	349	0	0	0	0	Expert Body_Magic (3)	3
231	Селия Спаркмен	1	0	0	0	0	0	0	0	257	379	0	0	0	0	Expert Light_Magic	
232	Блакен Риверстон	1	0	0	0	0	0	0	0	260	381	0	0	0	0	Expert Dark_Magic	
233	Холлис Верный	221	0	0	0	510	0	0	0	263	351	0	0	0	0	Expert Identify_Item (10)	10
234	Йоббер Тейн	304	0	0	0	416	0	0	0	266	353	0	0	0	0	Expert Merchant (39)	39
235	Балан Гизмо	322	0	0	0	417	0	0	0	269	355	0	0	0	0	Expert Repair_Item (39)	39
236	Трип Торинсон	303	0	0	0	419	0	0	0	272	357	0	0	0	0	Expert Body_Building (39)	39
237	Стюарт Вайтскай	66	0	0	0	352	0	0	0	275	359	0	0	0	0	Expert Meditation (10)	10
238	Кеттер Оттертон	407	0	0	0	371	0	0	0	278	361	0	0	0	0	Expert Perception (14)	14
239	Эксперт по дипломатии	1	0	0	0	0	0	0	0	281	0	0	0	0	0	Expert Diplomacy	
240	Экспертное воровство	1	0	0	0	0	0	0	0	284	0	0	0	0	0	Expert Thievery	
241	Тарен Сильный	23	0	0	0	410	0	0	0	287	363	0	0	0	0	Expert Lock_Pick (13)	13
242	Спайдер 	567	0	0	0	500	0	0	0	290	365	0	0	0	0	Expert Dodging (6)	6
243	Пуддл Стоун	91	0	0	0	500	0	0	0	293	367	0	0	0	0	Expert Unarmed (6)	6
244	Кристи Ноузворт	213	0	0	0	510	0	0	0	296	369	0	0	0	0	Expert Identify_Monster (10)	10
245	Трент Стил	612	0	0	0	387	0	0	0	299	371	0	0	0	0	Expert Armsmaster (13)	13
246	Эльмо Щипач	200	0	0	0	353	0	0	0	302	373	0	0	0	0	Expert Stealing (10)	10
247	Брайс Вотершед	55	0	0	0	501	0	0	0	305	375	0	0	0	0	Expert Alchemy (6)	6
248	Исаак Эпплби	68	0	0	0	476	0	0	0	308	377	0	0	0	0	Expert Learning (6)	6
249	Матрик Боуз	9	0	0	0	469	0	0	0	404	470	0	0	0	0	Fire Guild Membership (2)	2
250	Кетри Донсглоу	633	0	0	0	316	0	0	0	404	456	0	0	0	0	Fire Guild Membership (4)	4
251	Лита Рогген	384	0	0	0	507	0	0	0	404	493	0	0	0	0	Fire Guild Membership (10)	10
252	Карла Тарент	592	0	0	0	469	0	0	0	402	486	0	0	0	0	Air Guild Membership (2)	2
253	Патрис Висперс	641	0	0	0	317	0	0	0	402	444	0	0	0	0	Air Guild Membership (4)	4
254	Лори Винтербрайт	590	0	0	0	424	0	0	0	402	487	0	0	0	0	Air Guild Membership (7)	7
255	Иллен Фарсвелл	596	0	0	0	491	0	0	0	405	486	529	0	0	0	Water Guild Membership (2)	2
256	Табита Мистспринг	640	0	0	0	318	0	0	0	405	444	0	0	0	0	Water Guild Membership (4)	4
257	Жанетт Томас	223	0	0	0	501	0	0	0	405	490	0	0	0	0	Water Guild Membership (6)	6
258	Денис Каверхилл	236	0	0	0	348	0	0	0	405	449	0	0	0	0	Water Guild Membership (9)	9
259	Педрон Сейблвуд	3	0	0	0	491	0	0	0	403	468	0	0	0	0	Earth Guild Membership (2)	2
260	Девон Айверс	405	0	0	0	328	0	0	0	403	456	0	0	0	0	Earth Guild Membership (4)	4
261	Тереза Умберпул	547	0	0	0	435	0	0	0	403	432	455	0	0	0	Earth Guild Membership (8)	8
262	Фелдин Уртсмайт	314	0	0	0	420	0	0	0	403	474	609	0	0	0	Earth Guild Membership (39)	39
263	Алиса Найтвуд	249	0	0	0	467	0	0	0	408	470	0	0	0	0	Spirit Guild Membership (2)	2
264	Уилбур Эверсмайл	84	0	0	0	294	0	0	0	408	419	0	0	0	0	Spirit Guild Membership (3)	3
265	Малиша Карранд	212	0	0	0	331	0	0	0	408	489	0	0	0	0	Spirit Guild Membership (5)	5
266	Ярроу Элмсмир	80	0	0	0	466	0	0	0	406	428	0	0	0	0	Body Guild Membership (2)	2
267	Тилгар Диртмур	38	0	0	0	295	0	0	0	406	482	0	0	0	0	Body Guild Membership (3)	3
268	Ашандра Сноутри	462	0	0	0	377	0	0	0	406	441	0	0	0	0	Body Guild Membership (14)	14
269	Рональд Кинни	73	0	0	0	490	0	0	0	407	444	0	0	0	0	Mind Guild Membership (2)	2
270	Хитер Кардрон	158	0	0	0	299	0	0	0	407	418	0	0	0	0	Mind Guild Membership (3)	3
271	Халейн Сэмпсон	88	0	0	0	408	0	0	0	407	446	0	0	0	0	Mind Guild Membership (13)	13
272	Роун Дервиш	631	0	0	0	376	0	0	0	407	441	0	0	0	0	Mind Guild Membership (14)	14
273	Страж	35	0	0	0	0	0	138	0	0	0	0	0	0	0	Fort Riverstride Guard	
274	Страж	13	0	0	0	0	0	139	0	0	0	0	0	0	0	Watchtower 6 Guard	
275	Страж	26	0	0	0	0	0	140	0	0	0	0	0	0	0	Temple of Light Guard	
276	Страж	52	0	0	0	0	0	141	0	0	0	0	0	0	0	Temple of Dark Guard	
277	Стражник замка	35	0	0	0	0	0	142	0	0	0	0	0	0	0	Castle Gryphonheart Guard	
278	Стражник замка	413	0	0	0	0	0	143	0	0	0	0	0	0	0	Castle Navan Guard	
279	Стражник замка	14	0	0	0	0	0	144	0	0	0	0	0	0	0	Castle Lambent Guard	
280	Стражник замка	503	0	0	0	0	0	145	0	0	0	0	0	0	0	Castle Gloaming Guard	
281	Эрик Своррел	53	0	0	0	0	0	146	0	175	176	0	0	0	0	School of Sorcery Receptionist	
282	Страж	64	0	0	0	0	0	17	0	0	0	0	0	0	0	School of Sorcery Guard	
283	Страж	91	0	0	0	0	0	149	0	0	0	0	0	0	0	Markham's House Guard	
284	Сэт Дракксон	94	0	0	0	346	0	165	0	196	0	0	0	0	0	Kill Griffin Quest	5
285	Даррон Темпер	11	0	0	0	470	0	170	0	198	0	0	0	0	0	Arcomage Cards Quest	2
286	Гэри Зимм	66	0	0	0	484	0	171	0	313	0	0	0	0	0	Scarf Quest	6
287	Роланд Айронфист	964	0	0	0	0	0	172	0	0	0	0	0	0	0	Roland for the Hive	40
288	Том Ламбра	74	0	0	0	319	0	173	0	462	0	0	0	0	0	Statuette Quest	4
289	Фердинант Висконти	69	0	0	0	404	0	175	0	464	0	0	0	0	0	Painting Quest	13
290	Джина Барнс	193	0	0	0	306	0	177	0	466	0	0	0	0	0	Arcomage Quest	3
291	Трисия Ламберт	177	0	0	0	0	0	179	0	450	452	0	0	0	0	Hint NPC In Bracada (6)	
292	Тимоти Хок	564	0	0	0	0	0	179	0	451	453	0	0	0	0	Hint NPC In Bracada (6)	
293	Хитер Хьюз	172	0	0	0	0	0	180	0	488	444	0	0	0	0	Hint NPC In Celeste (7)	
294	Жоффрей Хамик	32	0	0	0	0	0	180	0	494	499	0	0	0	0	Hint NPC In Celeste (7)	
295	Ирвин Кулл	31	0	0	0	0	0	181	0	432	455	0	0	0	0	Hint NPC In The Pit (8)	
296	Полера Скулк	170	0	0	0	0	0	181	0	454	432	0	0	0	0	Hint NPC In The Pit (8)	
297	Агата Нобл	386	0	0	0	0	0	182	0	460	461	0	0	0	0	Hint NPC in Nighon (10)	
298	Винсент Альберс	234	0	0	0	0	0	182	0	496	461	0	0	0	0	Hint NPC in Nighon (10)	
299	Даллия Спаркс	379	0	0	0	515	0	183	0	459	437	0	0	0	0	Hint NPC in Barrow Downs (11)	
300	Магистр Арены	330	0	0	0	0	0	0	0	0	0	399	0	0	0		
301	Адам МакКарти	236	0	0	0	0	0	0	0	0	0	0	0	0	0		
302	Алекс Шерман	87	0	0	0	0	0	0	0	0	0	0	0	0	0		
303	Андрей Грумм	37	0	0	0	0	0	0	0	0	0	0	0	0	0
304	Эйприл Ли	641	0	0	0	0	0	0	0	0	0	0	0	0	0
305	Бенджамин Бент	17	0	0	0	0	0	0	0	0	0	0	0	0	0
306	Билл Неземайер	10	0	0	0	0	0	0	0	0	0	0	0	0	0
307	Боб Янг	43	0	0	0	0	0	0	0	0	0	0	0	0	0
308	Бонни Лонг-Хемсат	224	0	0	0	0	0	0	0	0	0	0	0	0	0
309	Брайан ДеМетц	613	0	0	0	0	0	0	0	0	0	0	0	0	0
310	Брайан Кемпер	560	0	0	0	0	0	0	0	0	0	0	0	0	0
311	Брайан Фарина	961	0	0	0	0	0	0	0	0	0	0	0	0	0
312	Карл Пиндер	566	0	0	0	0	0	0	0	0	0	0	0	0	0
313	Чарльз Зильм	4	0	0	0	0	0	0	0	0	0	0	0	0	0
314	Крис Бейтс	16	0	0	0	0	0	0	0	0	0	0	0	0	0
315	Крис Рок	612	0	0	0	0	0	0	0	0	0	0	0	0	0
316	Кристиан Вановер	901	0	0	0	0	0	0	0	0	0	0	0	0	0
317	Чак Рассом	16	0	0	0	0	0	0	0	0	0	0	0	0	0
318	Дейв Ботан	6	0	0	0	0	0	0	0	0	0	0	0	0	0
319	Давид Мюллих	11	0	0	0	0	0	0	0	0	0	0	0	0	0
320	Давид Ричи	9	0	0	0	0	0	0	0	0	0	0	0	0	0
321	Давид Вела	610	0	0	0	0	0	0	0	0	0	0	0	0	0
322	Дин Гибсон	5	0	0	0	0	0	0	0	0	0	0	0	0	0
323	Эдвард Хадсон	632	0	0	0	0	0	0	0	0	0	0	0	0	0
324	Джордж Альмонд	324	0	0	0	0	0	0	0	0	0	0	0	0	0
325	Джордж Руоф	329	0	0	0	0	0	0	0	0	0	0	0	0	0
326	Грег Фултон	307	0	0	0	0	0	0	0	0	0	0	0	0	0
327	Гус Смедштат 	408	0	0	0	0	0	0	0	0	0	0	0	0	0
328	Ян Буллард	409	0	0	0	0	0	0	0	0	0	0	0	0	0
329	Джек Рассел	94	0	0	0	0	0	0	0	0	0	0	0	0	0
330	Джеймс Дикинсон	714	0	0	0	0	0	0	0	0	0	0	0	0	0
331	Джефф Бигман	29	0	0	0	0	0	0	0	0	0	0	0	0	0
332	Джефф Блатнер	28	0	0	0	0	0	0	0	0	0	0	0	0	0
333	Джефф Леггетт	26	0	0	0	0	0	0	0	0	0	0	0	0	0
334	Дженифер Буллард	461	0	0	0	0	0	0	0	0	0	0	0	0	0
335	Джоэль Келли 	410	0	0	0	0	0	0	0	0	0	0	0	0	0
336	Джон Болтон	97	0	0	0	0	0	0	0	0	0	0	0	0	0
337	Джон Гибсон	62	0	0	0	0	0	0	0	0	0	0	0	0	0
338	Джон Краузе	60	0	0	0	0	0	0	0	0	0	0	0	0	0
339	Джон Макин	52	0	0	0	0	0	0	0	0	0	0	0	0	0
340	Джон Слоускай	78	0	0	0	0	0	0	0	0	0	0	0	0	0
341	Ион ван Канегем	800	0	0	0	0	0	0	0	0	0	0	0	0	0
342	Джулия Улано	467	0	0	0	0	0	0	0	0	0	0	0	0	0
343	Кейт Франкарт	916	0	0	0	0	0	0	0	0	0	0	0	0	0
344	Кейт Таланай	915	0	0	0	0	0	0	0	0	0	0	0	0	0
345	Кен Спенсер	907	0	0	0	0	0	0	0	0	0	0	0	0	0
346	Кен Томсон	15	0	0	0	0	0	0	0	0	0	0	0	0	0
347	Курт МакКивер	12	0	0	0	0	0	0	0	0	0	0	0	0	0
348	Лиза Витман	116	0	0	0	0	0	0	0	0	0	0	0	0	0
349	Лоу Хендерсон	75	0	0	0	0	0	0	0	0	0	0	0	0	0
350	Маркус Прегент	79	0	0	0	0	0	0	0	0	0	0	0	0	0
351	Марк Калдвелл	909	0	0	0	0	0	0	0	0	0	0	0	0	0
352	Майкл Вульф 	88	0	0	0	0	0	0	0	0	0	0	0	0	0
353	Никко Варгон 	66	0	0	0	0	0	0	0	0	0	0	0	0	0
354	Пол Раттнер	939	0	0	0	0	0	0	0	0	0	0	0	0	0
355	"Петер Рай"	925	0	0	0	0	0	0	0	0	0	0	0	0	0
356	Фелан Сайкс	475	0	0	0	0	0	0	0	0	0	0	0	0	0
357	Ребекка Кристель	474	0	0	0	0	0	0	0	0	0	0	0	0	0
358	Рики Корредера 	937	0	0	0	0	0	0	0	0	0	0	0	0	0
359	Роберт Кинг	234	0	0	0	0	0	0	0	0	0	0	0	0	0
360	Райан Ден	403	0	0	0	0	0	0	0	0	0	0	0	0	0
361	Скотт Вайт	427	0	0	0	0	0	0	0	0	0	0	0	0	0
362	Стив Бака	407	0	0	0	0	0	0	0	0	0	0	0	0	0
363	Стив Яспер	404	0	0	0	0	0	0	0	0	0	0	0	0	0
364	Стив Вазаф	400	0	0	0	0	0	0	0	0	0	0	0	0	0
365	Тим Ланг	402	0	0	0	0	0	0	0	0	0	0	0	0	0
366	Трейси Ивата	471	0	0	0	0	0	0	0	0	0	0	0	0	0
367	Вальтер Джонсон	93	0	0	0	0	0	0	0	0	0	0	0	0	0	
368	Девин Чепмен	89	0	0	0	0	0	0	0	0	0	0	0	0	0	
369	Дерек Честер	73	0	0	0	0	0	0	0	0	0	0	0	0	0	
370	Эрик Вильямсон	95	0	0	0	0	0	0	0	0	0	0	0	0	0	
371	Том Целифф	90	0	0	0	0	0	0	0	0	0	0	0	0	0	
372	Лорд Робертс	7	0	0	0	0	0	0	0	0	0	0	0	0	0	
373	Аметист Гемстон	465	0	0	0	0	0	0	0	0	0	0	0	0	0	
374	Вако Ниндзя	31	0	0	0	0	0	0	0	0	0	0	0	0	0	
375	Андрей ИС Пупедис	40	0	0	0	0	0	0	0	0	0	0	0	0	0	
376	Прос_О_Мозг	68	0	0	0	0	0	0	0	0	0	0	0	0	0	
377	"Мефисто, Древний Волхв"	52	0	0	0	0	0	0	0	0	0	0	0	0	0	
378	Победитель состязания 7	3	0	0	0	0	0	0	0	0	0	0	0	0	0	
379	Король Луис	918	0	0	0	0	0	0	0	0	0	0	0	0	0	
380	Ридрик	64	0	0	0	491	0	195	0	515	516	0	0	0	0	Trade NPC Arrowheads/Wood
381	Гулвульф	77	0	0	0	269	0	189	0	420	429	0	0	0	0	Hint NPC in Steadwick/Pete (3)
382	Арон Кастро	97	0	0	0	274	0	189	0	418	420	0	0	0	0	Hint NPC in Steadwick/Pete (3)
383	Пип Хиллер	24	0	0	0	302	0	196	0	517	518	0	0	0	0	Trade NPC Feathers/Arrowheads
384	Роберт Белкнап	408	0	0	0	322	0	197	0	519	520	0	0	0	0	Trade NPC Wood/Feathers
385	Инфернон	401	0	0	0	383	0	200	0	525	526	0	0	0	0	Trade NPC Wine/Bottles
386	Вако	31	0	0	0	401	0	184	0	527	529	0	0	0	0	Hint NPC in Tatalia (13) wharf area
387	Ваша Совесть	37	0	0	0	388	0	184	0	529	527	0	0	0	0	Hint NPC in Tatalia (13) wharf area
388	Аметист Драгоценный	374	0	0	0	516	0	183	0	459	499	0	0	0	0	Hint NPC in Barrow Downs/Pete (11)
389	Матиас Медвежье Сердце	43	0	0	0	302	0	189	0	572	420	0	0	0	0	Hint NPC in Steadwick/Pete (3)
390	Таня Кирклин	171	0	0	0	485	0	187	0	495	478	0	0	0	0	Hint NPC in Harmondale (2)
391	Брахейн Кадарр	32	0	0	0	489	0	187	0	472	477	574	0	0	0	Hint NPC in Harmondale (2)
392	Карлин Талион	213	0	0	0	284	0	189	0	499	426	0	0	0	0	Hint NPC in Steadwick (3)
393	Пегги Тиш	180	0	0	0	283	0	189	0	425	420	0	0	0	0	Hint NPC in Steadwick (3)
394	Кира Кардрин	191	0	0	0	286	0	189	0	421	418	0	0	0	0	Hint NPC in Steadwick (3)
395	Иня Ю	469	0	0	0	308	0	184	0	447	500	0	0	0	0	Hint NPC in Tularean Forest (4)
396	Алик Уайтмун	420	0	0	0	323	0	184	0	448	444	0	0	0	0	Hint NPC in Tularean Forest (4)
397	Эмбер Пеббл	546	0	0	0	498	0	221	0	603	499	422	0	0	0	Hint NPC in Deyja (5) + Goblin Dagger Quest
398	Клэс Могрен	562	0	0	0	338	0	190	0	423	444	0	0	0	0	Hint NPC in Deyja (5)
399	Лисия Ривенрок	376	0	0	0	520	0	183	0	457	609	0	0	0	0	Hint NPC in Barrow Downs (11)
400	Фельдспар Тулмен	324	0	0	0	517	0	183	0	429	439	0	0	0	0	Hint NPC in Barrow Downs (11)
401	Яспер Фиссур	318	0	0	0	518	0	183	0	528	429	0	0	0	0	Hint NPC in Barrow Downs (11)
402	Келли Гарнет	384	0	0	0	519	0	183	0	529	444	0	0	0	0	Hint NPC in Barrow Downs (11)
403	Регина Ферн	187	0	0	0	0	0	184	0	447	500	0	0	0	0	Hint NPC in Tatalia (13) wharf area
404	Тед Робинсон	98	0	0	0	0	0	184	0	448	500	0	0	0	0	Hint NPC in Tatalia (13) wharf area
405	Таша Вейл	461	0	0	0	0	0	185	0	498	441	0	0	0	0	Hint NPC in Avlee (14)
406	Релбурн Дитч	300	0	0	0	0	0	186	0	458	473	0	0	0	0	Hint NPC in Stone City (39)
407	Орик Голдсмит	318	0	0	0	0	0	186	0	498	476	0	0	0	0	Hint NPC in Stone City (39)
408	Дарек Халовер	324	0	0	0	0	0	186	0	492	497	0	0	0	0	Hint NPC in Stone City (39)
409	Диана Дедрик	173	0	0	0	0	0	187	0	471	478	0	0	0	0	Hint NPC in Harmondale (2)
410	Сионед Варсен	162	0	0	0	0	0	187	0	571	479	0	0	0	0	Hint NPC in Harmondale (2)
411	Дедра Брювер	193	0	0	0	0	0	187	0	477	495	0	0	0	0	Hint NPC in Harmondale (2)
412	Солитэр Бейнфул	465	0	0	0	0	0	188	0	444	443	0	0	0	0	Hint NPC in Tularean Forest (4)
413	Тиана Витерн	471	0	0	0	0	0	188	0	440	442	0	0	0	0	Hint NPC in Tularean Forest (4)
414	Теренда Эверморн	166	0	0	0	0	0	189	0	418	426	0	0	0	0	Hint NPC in Steadwick (3)
415	Тамара Андерс	171	0	0	0	0	0	189	0	419	420	0	0	0	0	Hint NPC in Steadwick (3)
416	Роберта Тебен	566	0	0	0	0	0	189	0	421	499	0	0	0	0	Hint NPC in Steadwick (3)
417	Саманта Килверс	568	0	0	0	0	0	189	0	421	444	0	0	0	0	Hint NPC in Steadwick (3)
418	Табита Йерин	199	0	0	0	0	0	190	0	422	499	0	0	0	0	Hint NPC in Deyja (5)
419	Жасмин Живерс	540	0	0	0	0	0	190	0	423	572	0	0	0	0	Hint NPC in Deyja (5)
420	Маттрик Боувс	563	0	0	0	484	0	179	0	433	452	0	0	0	0	Hint NPC In Bracada (6)
421	Алашандра Риз	591	0	0	0	478	0	179	0	452	453	0	0	0	0	Hint NPC In Bracada (6)
422	Калиндра Голденсайт	169	0	0	0	396	0	198	0	521	522	0	0	0	0	Trade NPC Sand/Wine
423	Арвин Бенеклауд	324	0	0	0	520	0	199	0	523	524	0	0	0	0	Trade NPC Bottles/Sand
424	Нивек Арлонд	32	0	0	0	295	0	189	0	444	425	0	0	0	0	Hint NPC in Steadwick (3)
425	Мирей Варлен	467	0	0	0	313	0	188	0	440	443	0	0	0	0	Hint NPC in Tularean Forest (4)
426	Шиара Огненный Опал	217	0	0	0	453	0	190	0	444	499	0	0	0	0	Hint NPC in Deyja (5)
427	Линда Дракен	209	0	0	0	339	0	190	0	423	422	0	0	0	0	Hint NPC in Deyja (5)
428	Феррис Оксид	308	0	0	0	334	0	190	0	444	506	0	0	0	0	Hint NPC in Deyja (5)
429	Джейс Кедрин	319	0	0	0	336	0	190	0	499	506	0	0	0	0	Hint NPC in Stone City (39)
430	Джиллиан Редферн	471	0	0	0	309	0	188	0	444	442	0	0	0	0	Hint NPC in Tularean Forest/Pete (4)
431	Карсон Скайфайр	418	0	0	0	321	0	188	0	440	443	0	0	0	0	Hint NPC in Tularean Forest (4)
432	Рейнин Ривенкрест	480	0	0	0	313	0	188	0	506	572	0	0	0	0	Hint NPC in Tularean Forest (4)
433	Том Оно	949	0	0	0	0	0	0	0	0	0	0	0	0	0	
434	Карл Драун	951	0	0	0	0	0	0	0	0	0	0	0	0	0	
435	Тони Эванс	18	0	0	0	0	0	0	0	0	0	0	0	0	0	
436	Крис Миллер	416	0	0	0	0	0	0	0	0	0	0	0	0	0	
437	Карл Пиндор	412	0	0	0	0	0	0	0	0	0	0	0	0	0	
438	Эрик Хеффрон	408	0	0	0	0	0	0	0	0	0	0	0	0	0	
439	Хейрбау	30	0	0	0	0	0	204	0	512	570	0	0	0	0	Goblin Spy in Harmondale
440	Рон Талрейш	622	0	0	0	305	0	189	0	529	499	0	0	0	0	Hint NPC in Steadwick (3)
441	Страж	326	0	0	0	0	0	203	0	0	0	0	0	0	0	Guard in Stone City
442	Пени Прити	176	0	0	0	290	0	189	0	509	572	0	0	0	0	Hint NPC in Erathia (3)
443	Таллия Равенсвуд	165	0	0	0	492	0	189	0	529	572	0	0	0	0	Hint NPC in Erathia (3)
444	Харли Квинн	536	0	0	0	340	0	190	0	572	529	0	0	0	0	Hint NPC in Deyja (5)
445	Мадиган Тарент	166	0	0	0	429	0	180	0	571	529	0	0	0	0	Hint NPC in Celeste (7)
446	Гарион Рамирез	17	0	0	0	430	0	180	0	572	444	0	0	0	0	Hint NPC in Celeste (7)
447	Маргарита проводница	162	0	0	0	0	0	18	0	0	0	0	0	0	0	Docent for the tour 1	
448	Маргарита проводница	162	0	0	0	0	0	19	0	0	0	0	0	0	0	Docent for the tour 2	
449	Маргарита проводница	162	0	0	0	0	0	20	0	0	0	0	0	0	0	Docent for the tour 3	
450	Маргарита проводница	162	0	0	0	0	0	21	0	0	0	0	0	0	0	Docent for the tour 4	
451	Маргарита проводница	162	0	0	0	0	0	22	0	0	0	0	0	0	0	Docent for the tour 5	
452	Маргарита проводница	162	0	0	0	0	0	23	0	0	0	0	0	0	0	Docent for the tour 6	
453	Маргарита проводница	162	0	0	0	0	0	24	0	0	0	0	0	0	0	Docent for the tour 7	
454	Гонец	2	0	0	0	0	0	224	0	0	0	0	0	0	0	Probatory access alert
455	Пусто	0	0	0	0	0	0	0	0	0	0	0	0	0	0
456	Пусто	0	0	0	0	0	0	0	0	0	0	0	0	0	0
457	Пусто	0	0	0	0	0	0	0	0	0	0	0	0	0	0
458	Пусто	0	0	0	0	0	0	0	0	0	0	0	0	0	0
459	Пусто	0	0	0	0	0	0	0	0	0	0	0	0	0	0
460	Пусто	0	0	0	0	0	0	0	0	0	0	0	0	0	0
461	Пусто	0	0	0	0	0	0	0	0	0	0	0	0	0	0
462	Пусто	0	0	0	0	0	0	0	0	0	0	0	0	0	0
463	Пусто	0	0	0	0	0	0	0	0	0	0	0	0	0	0
464	Пусто	0	0	0	0	0	0	0	0	0	0	0	0	0	0
465	Пусто	0	0	0	0	0	0	0	0	0	0	0	0	0	0
466	Пусто	0	0	0	0	0	0	0	0	0	0	0	0	0	0
467	Пусто	0	0	0	0	0	0	0	0	0	0	0	0	0	0
468	Пусто	0	0	0	0	0	0	0	0	0	0	0	0	0	0
469	Пусто	0	0	0	0	0	0	0	0	0	0	0	0	0	0
470	Пусто	0	0	0	0	0	0	0	0	0	0	0	0	0	0
471	Пусто	0	0	0	0	0	0	0	0	0	0	0	0	0	0
472	Пусто	0	0	0	0	0	0	0	0	0	0	0	0	0	0
473	Пусто	0	0	0	0	0	0	0	0	0	0	0	0	0	0
474	Пусто	0	0	0	0	0	0	0	0	0	0	0	0	0	0
475	Пусто	0	0	0	0	0	0	0	0	0	0	0	0	0	0
476	Пусто	0	0	0	0	0	0	0	0	0	0	0	0	0	0
477	Пусто	0	0	0	0	0	0	0	0	0	0	0	0	0	0
478	Пусто	0	0	0	0	0	0	0	0	0	0	0	0	0	0
479	Пусто	0	0	0	0	0	0	0	0	0	0	0	0	0	0
480	Пусто	0	0	0	0	0	0	0	0	0	0	0	0	0	0
481	Пусто	0	0	0	0	0	0	0	0	0	0	0	0	0	0
482	Пусто	0	0	0	0	0	0	0	0	0	0	0	0	0	0
483	Пусто	0	0	0	0	0	0	0	0	0	0	0	0	0	0
484	Пусто	0	0	0	0	0	0	0	0	0	0	0	0	0	0
485	Пусто	0	0	0	0	0	0	0	0	0	0	0	0	0	0
486	Пусто	0	0	0	0	0	0	0	0	0	0	0	0	0	0
487	Пусто	0	0	0	0	0	0	0	0	0	0	0	0	0	0
488	Пусто	0	0	0	0	0	0	0	0	0	0	0	0	0	0
489	Пусто	0	0	0	0	0	0	0	0	0	0	0	0	0	0
490	Пусто	0	0	0	0	0	0	0	0	0	0	0	0	0	0
491	Пусто	0	0	0	0	0	0	0	0	0	0	0	0	0	0
492	Пусто	0	0	0	0	0	0	0	0	0	0	0	0	0	0
493	Пусто	0	0	0	0	0	0	0	0	0	0	0	0	0	0
494	Пусто	0	0	0	0	0	0	0	0	0	0	0	0	0	0
495	Пусто	0	0	0	0	0	0	0	0	0	0	0	0	0	0
496	Пусто	0	0	0	0	0	0	0	0	0	0	0	0	0	0
497	Пусто	0	0	0	0	0	0	0	0	0	0	0	0	0	0
498	Пусто	0	0	0	0	0	0	0	0	0	0	0	0	0	0
499	Пусто	0	0	0	0	0	0	0	0	0	0	0	0	0	0
500	Пусто	0	0	0	0	0	0	0	0	0	0	0	0	0	0
501	Пусто	0	0	0	0	0	0	0	0	0	0	0	0	0	0
502	Пусто	0	0	0	0	0	0	0	0	0	0	0	0	0	0
503	Пусто	0	0	0	0	0	0	0	0	0	0	0	0	0	0
504	Пусто	0	0	0	0	0	0	0	0	0	0	0	0	0	0
505	Пусто	0	0	0	0	0	0	0	0	0	0	0	0	0	0
506	Пусто	0	0	0	0	0	0	0	0	0	0	0	0	0	0
507	Пусто	0	0	0	0	0	0	0	0	0	0	0	0	0	0
508	Пусто	0	0	0	0	0	0	0	0	0	0	0	0	0	0
509	Пусто	0	0	0	0	0	0	0	0	0	0	0	0	0	0
510	Пусто	0	0	0	0	0	0	0	0	0	0	0	0	0	0
511	Пусто	0	0	0	0	0	0	0	0	0	0	0	0	0	0
512	Пусто	0	0	0	0	0	0	0	0	0	0	0	0	0	0
513	Пусто	0	0	0	0	0	0	0	0	0	0	0	0	0	0
514	Пусто	0	0	0	0	0	0	0	0	0	0	0	0	0	0
515	Пусто	0	0	0	0	0	0	0	0	0	0	0	0	0	0
516	Пусто	0	0	0	0	0	0	0	0	0	0	0	0	0	0
517	Пусто	0	0	0	0	0	0	0	0	0	0	0	0	0	0
518	Пусто	0	0	0	0	0	0	0	0	0	0	0	0	0	0
519	Пусто	0	0	0	0	0	0	0	0	0	0	0	0	0	0
520	Пусто	0	0	0	0	0	0	0	0	0	0	0	0	0	0
521	Пусто	0	0	0	0	0	0	0	0	0	0	0	0	0	0
522	Пусто	0	0	0	0	0	0	0	0	0	0	0	0	0	0
523	Пусто	0	0	0	0	0	0	0	0	0	0	0	0	0	0
524	Пусто	0	0	0	0	0	0	0	0	0	0	0	0	0	0
525	Пусто	0	0	0	0	0	0	0	0	0	0	0	0	0	0
526	Пусто	0	0	0	0	0	0	0	0	0	0	0	0	0	0
527	Пусто	0	0	0	0	0	0	0	0	0	0	0	0	0	0
528	Пусто	0	0	0	0	0	0	0	0	0	0	0	0	0	0
529	Пусто	0	0	0	0	0	0	0	0	0	0	0	0	0	0
530	Пусто	0	0	0	0	0	0	0	0	0	0	0	0	0	0
531	Пусто	0	0	0	0	0	0	0	0	0	0	0	0	0	0
532	Пусто	0	0	0	0	0	0	0	0	0	0	0	0	0	0
533	Пусто	0	0	0	0	0	0	0	0	0	0	0	0	0	0
534	Пусто	0	0	0	0	0	0	0	0	0	0	0	0	0	0
535	Пусто	0	0	0	0	0	0	0	0	0	0	0	0	0	0
536	Пусто	0	0	0	0	0	0	0	0	0	0	0	0	0	0
537	Пусто	0	0	0	0	0	0	0	0	0	0	0	0	0	0
538	Пусто	0	0	0	0	0	0	0	0	0	0	0	0	0	0
539	Пусто	0	0	0	0	0	0	0	0	0	0	0	0	0	0
540	Пусто	0	0	0	0	0	0	0	0	0	0	0	0	0	0
541	Пусто	0	0	0	0	0	0	0	0	0	0	0	0	0	0
542	Пусто	0	0	0	0	0	0	0	0	0	0	0	0	0	0
543	Пусто	0	0	0	0	0	0	0	0	0	0	0	0	0	0
544	Пусто	0	0	0	0	0	0	0	0	0	0	0	0	0	0
545	Пусто	0	0	0	0	0	0	0	0	0	0	0	0	0	0
546	Пусто	0	0	0	0	0	0	0	0	0	0	0	0	0	0
547	Пусто	0	0	0	0	0	0	0	0	0	0	0	0	0	0
548	Пусто	0	0	0	0	0	0	0	0	0	0	0	0	0	0
549	Пусто	0	0	0	0	0	0	0	0	0	0	0	0	0	0
550	Пусто	0	0	0	0	0	0	0	0	0	0	0	0	0	0
551	Пусто	0	0	0	0	0	0	0	0	0	0	0	0	0	0
552	Пусто	0	0	0	0	0	0	0	0	0	0	0	0	0	0
553	Пусто	0	0	0	0	0	0	0	0	0	0	0	0	0	0
554	Пусто	0	0	0	0	0	0	0	0	0	0	0	0	0	0
555	Пусто	0	0	0	0	0	0	0	0	0	0	0	0	0	0
556	Пусто	0	0	0	0	0	0	0	0	0	0	0	0	0	0
557	Пусто	0	0	0	0	0	0	0	0	0	0	0	0	0	0
558	Пусто	0	0	0	0	0	0	0	0	0	0	0	0	0	0
559	Пусто	0	0	0	0	0	0	0	0	0	0	0	0	0	0
560	Пусто	0	0	0	0	0	0	0	0	0	0	0	0	0	0
561	Пусто	0	0	0	0	0	0	0	0	0	0	0	0	0	0
562	Пусто	0	0	0	0	0	0	0	0	0	0	0	0	0	0
563	Пусто	0	0	0	0	0	0	0	0	0	0	0	0	0	0
564	Пусто	0	0	0	0	0	0	0	0	0	0	0	0	0	0
565	Пусто	0	0	0	0	0	0	0	0	0	0	0	0	0	0
566	Пусто	0	0	0	0	0	0	0	0	0	0	0	0	0	0
567	Пусто	0	0	0	0	0	0	0	0	0	0	0	0	0	0
568	Пусто	0	0	0	0	0	0	0	0	0	0	0	0	0	0
569	Пусто	0	0	0	0	0	0	0	0	0	0	0	0	0	0
570	Пусто	0	0	0	0	0	0	0	0	0	0	0	0	0	0
571	Пусто	0	0	0	0	0	0	0	0	0	0	0	0	0	0
572	Пусто	0	0	0	0	0	0	0	0	0	0	0	0	0	0
573	Пусто	0	0	0	0	0	0	0	0	0	0	0	0	0	0
574	Пусто	0	0	0	0	0	0	0	0	0	0	0	0	0	0
575	Пусто	0	0	0	0	0	0	0	0	0	0	0	0	0	0
576	Пусто	0	0	0	0	0	0	0	0	0	0	0	0	0	0
577	Пусто	0	0	0	0	0	0	0	0	0	0	0	0	0	0
578	Пусто	0	0	0	0	0	0	0	0	0	0	0	0	0	0
579	Пусто	0	0	0	0	0	0	0	0	0	0	0	0	0	0
580	Пусто	0	0	0	0	0	0	0	0	0	0	0	0	0	0
581	Пусто	0	0	0	0	0	0	0	0	0	0	0	0	0	0
582	Пусто	0	0	0	0	0	0	0	0	0	0	0	0	0	0
583	Пусто	0	0	0	0	0	0	0	0	0	0	0	0	0	0
584	Пусто	0	0	0	0	0	0	0	0	0	0	0	0	0	0
585	Пусто	0	0	0	0	0	0	0	0	0	0	0	0	0	0
586	Пусто	0	0	0	0	0	0	0	0	0	0	0	0	0	0
587	Пусто	0	0	0	0	0	0	0	0	0	0	0	0	0	0
588	Пусто	0	0	0	0	0	0	0	0	0	0	0	0	0	0
589	Пусто	0	0	0	0	0	0	0	0	0	0	0	0	0	0
590	Пусто	0	0	0	0	0	0	0	0	0	0	0	0	0	0
591	Пусто	0	0	0	0	0	0	0	0	0	0	0	0	0	0
592	Пусто	0	0	0	0	0	0	0	0	0	0	0	0	0	0
593	Пусто	0	0	0	0	0	0	0	0	0	0	0	0	0	0
594	Пусто	0	0	0	0	0	0	0	0	0	0	0	0	0	0
595	Пусто	0	0	0	0	0	0	0	0	0	0	0	0	0	0
596	Пусто	0	0	0	0	0	0	0	0	0	0	0	0	0	0
597	Пусто	0	0	0	0	0	0	0	0	0	0	0	0	0	0
598	Пусто	0	0	0	0	0	0	0	0	0	0	0	0	0	0
599	Пусто	0	0	0	0	0	0	0	0	0	0	0	0	0	0
600	Пусто	0	0	0	0	0	0	0	0	0	0	0	0	0	0
601	Пусто	0	0	0	0	0	0	0	0	0	0	0	0	0	0
602	Пусто	0	0	0	0	0	0	0	0	0	0	0	0	0	0
603	Пусто	0	0	0	0	0	0	0	0	0	0	0	0	0	0
604	Пусто	0	0	0	0	0	0	0	0	0	0	0	0	0	0
605	Пусто	0	0	0	0	0	0	0	0	0	0	0	0	0	0
606	Пусто	0	0	0	0	0	0	0	0	0	0	0	0	0	0
607	Пусто	0	0	0	0	0	0	0	0	0	0	0	0	0	0
608	Пусто	0	0	0	0	0	0	0	0	0	0	0	0	0	0
609	Пусто	0	0	0	0	0	0	0	0	0	0	0	0	0	0
610	Пусто	0	0	0	0	0	0	0	0	0	0	0	0	0	0
611	Пусто	0	0	0	0	0	0	0	0	0	0	0	0	0	0
612	Пусто	0	0	0	0	0	0	0	0	0	0	0	0	0	0
613	Пусто	0	0	0	0	0	0	0	0	0	0	0	0	0	0
614	Пусто	0	0	0	0	0	0	0	0	0	0	0	0	0	0
615	Пусто	0	0	0	0	0	0	0	0	0	0	0	0	0	0
616	Пусто	0	0	0	0	0	0	0	0	0	0	0	0	0	0
617	Пусто	0	0	0	0	0	0	0	0	0	0	0	0	0	0
618	Пусто	0	0	0	0	0	0	0	0	0	0	0	0	0	0
619	Пусто	0	0	0	0	0	0	0	0	0	0	0	0	0	0
620	Пусто	0	0	0	0	0	0	0	0	0	0	0	0	0	0
621	Пусто	0	0	0	0	0	0	0	0	0	0	0	0	0	0
622	Пусто	0	0	0	0	0	0	0	0	0	0	0	0	0	0
623	Пусто	0	0	0	0	0	0	0	0	0	0	0	0	0	0
624	Пусто	0	0	0	0	0	0	0	0	0	0	0	0	0	0
625	Пусто	0	0	0	0	0	0	0	0	0	0	0	0	0	0
626	Пусто	0	0	0	0	0	0	0	0	0	0	0	0	0	0
627	Пусто	0	0	0	0	0	0	0	0	0	0	0	0	0	0
628	Пусто	0	0	0	0	0	0	0	0	0	0	0	0	0	0
629	Пусто	0	0	0	0	0	0	0	0	0	0	0	0	0	0
630	Пусто	0	0	0	0	0	0	0	0	0	0	0	0	0	0
631	Пусто	0	0	0	0	0	0	0	0	0	0	0	0	0	0
632	Пусто	0	0	0	0	0	0	0	0	0	0	0	0	0	0
633	Пусто	0	0	0	0	0	0	0	0	0	0	0	0	0	0
634	Пусто	0	0	0	0	0	0	0	0	0	0	0	0	0	0
635	Пусто	0	0	0	0	0	0	0	0	0	0	0	0	0	0
636	Пусто	0	0	0	0	0	0	0	0	0	0	0	0	0	0
637	Пусто	0	0	0	0	0	0	0	0	0	0	0	0	0	0
638	Пусто	0	0	0	0	0	0	0	0	0	0	0	0	0	0
639	Пусто	0	0	0	0	0	0	0	0	0	0	0	0	0	0
640	Пусто	0	0	0	0	0	0	0	0	0	0	0	0	0	0
641	Пусто	0	0	0	0	0	0	0	0	0	0	0	0	0	0
642	Пусто	0	0	0	0	0	0	0	0	0	0	0	0	0	0
643	Пусто	0	0	0	0	0	0	0	0	0	0	0	0	0	0
644	Пусто	0	0	0	0	0	0	0	0	0	0	0	0	0	0
645	Пусто	0	0	0	0	0	0	0	0	0	0	0	0	0	0
646	Пусто	0	0	0	0	0	0	0	0	0	0	0	0	0	0
647	Пусто	0	0	0	0	0	0	0	0	0	0	0	0	0	0
648	Пусто	0	0	0	0	0	0	0	0	0	0	0	0	0	0
649	Пусто	0	0	0	0	0	0	0	0	0	0	0	0	0	0
650	Пусто	0	0	0	0	0	0	0	0	0	0	0	0	0	0
651	Пусто	0	0	0	0	0	0	0	0	0	0	0	0	0	0
652	Пусто	0	0	0	0	0	0	0	0	0	0	0	0	0	0
653	Пусто	0	0	0	0	0	0	0	0	0	0	0	0	0	0
654	Пусто	0	0	0	0	0	0	0	0	0	0	0	0	0	0
655	Пусто	0	0	0	0	0	0	0	0	0	0	0	0	0	0
656	Пусто	0	0	0	0	0	0	0	0	0	0	0	0	0	0
657	Пусто	0	0	0	0	0	0	0	0	0	0	0	0	0	0
658	Пусто	0	0	0	0	0	0	0	0	0	0	0	0	0	0
659	Пусто	0	0	0	0	0	0	0	0	0	0	0	0	0	0
660	Пусто	0	0	0	0	0	0	0	0	0	0	0	0	0	0
661	Пусто	0	0	0	0	0	0	0	0	0	0	0	0	0	0
662	Пусто	0	0	0	0	0	0	0	0	0	0	0	0	0	0
663	Пусто	0	0	0	0	0	0	0	0	0	0	0	0	0	0
664	Пусто	0	0	0	0	0	0	0	0	0	0	0	0	0	0
665	Пусто	0	0	0	0	0	0	0	0	0	0	0	0	0	0
666	Пусто	0	0	0	0	0	0	0	0	0	0	0	0	0	0
667	Пусто	0	0	0	0	0	0	0	0	0	0	0	0	0	0
668	Пусто	0	0	0	0	0	0	0	0	0	0	0	0	0	0
669	Пусто	0	0	0	0	0	0	0	0	0	0	0	0	0	0
670	Пусто	0	0	0	0	0	0	0	0	0	0	0	0	0	0
671	Пусто	0	0	0	0	0	0	0	0	0	0	0	0	0	0
672	Пусто	0	0	0	0	0	0	0	0	0	0	0	0	0	0
673	Пусто	0	0	0	0	0	0	0	0	0	0	0	0	0	0
674	Пусто	0	0	0	0	0	0	0	0	0	0	0	0	0	0
675	Пусто	0	0	0	0	0	0	0	0	0	0	0	0	0	0
676	Пусто	0	0	0	0	0	0	0	0	0	0	0	0	0	0
677	Пусто	0	0	0	0	0	0	0	0	0	0	0	0	0	0
678	Пусто	0	0	0	0	0	0	0	0	0	0	0	0	0	0
679	Пусто	0	0	0	0	0	0	0	0	0	0	0	0	0	0
680	Пусто	0	0	0	0	0	0	0	0	0	0	0	0	0	0
681	Пусто	0	0	0	0	0	0	0	0	0	0	0	0	0	0
682	Пусто	0	0	0	0	0	0	0	0	0	0	0	0	0	0
683	Пусто	0	0	0	0	0	0	0	0	0	0	0	0	0	0
684	Пусто	0	0	0	0	0	0	0	0	0	0	0	0	0	0
685	Пусто	0	0	0	0	0	0	0	0	0	0	0	0	0	0
686	Пусто	0	0	0	0	0	0	0	0	0	0	0	0	0	0
687	Пусто	0	0	0	0	0	0	0	0	0	0	0	0	0	0
688	Пусто	0	0	0	0	0	0	0	0	0	0	0	0	0	0
689	Пусто	0	0	0	0	0	0	0	0	0	0	0	0	0	0
690	Пусто	0	0	0	0	0	0	0	0	0	0	0	0	0	0
691	Пусто	0	0	0	0	0	0	0	0	0	0	0	0	0	0
692	Пусто	0	0	0	0	0	0	0	0	0	0	0	0	0	0
693	Пусто	0	0	0	0	0	0	0	0	0	0	0	0	0	0
694	Пусто	0	0	0	0	0	0	0	0	0	0	0	0	0	0
695	Пусто	0	0	0	0	0	0	0	0	0	0	0	0	0	0
696	Пусто	0	0	0	0	0	0	0	0	0	0	0	0	0	0
697	Пусто	0	0	0	0	0	0	0	0	0	0	0	0	0	0
698	Пусто	0	0	0	0	0	0	0	0	0	0	0	0	0	0
699	Пусто	0	0	0	0	0	0	0	0	0	0	0	0	0	0
700	Пусто	0	0	0	0	0	0	0	0	0	0	0	0	0	0
701	Пусто	0	0	0	0	0	0	0	0	0	0	0	0	0	0
702	Пусто	0	0	0	0	0	0	0	0	0	0	0	0	0	0
703	Пусто	0	0	0	0	0	0	0	0	0	0	0	0	0	0
704	Пусто	0	0	0	0	0	0	0	0	0	0	0	0	0	0
705	Пусто	0	0	0	0	0	0	0	0	0	0	0	0	0	0
706	Пусто	0	0	0	0	0	0	0	0	0	0	0	0	0	0
707	Пусто	0	0	0	0	0	0	0	0	0	0	0	0	0	0
708	Пусто	0	0	0	0	0	0	0	0	0	0	0	0	0	0
709	Пусто	0	0	0	0	0	0	0	0	0	0	0	0	0	0
710	Пусто	0	0	0	0	0	0	0	0	0	0	0	0	0	0
711	Пусто	0	0	0	0	0	0	0	0	0	0	0	0	0	0
712	Пусто	0	0	0	0	0	0	0	0	0	0	0	0	0	0
713	Пусто	0	0	0	0	0	0	0	0	0	0	0	0	0	0
714	Пусто	0	0	0	0	0	0	0	0	0	0	0	0	0	0
715	Пусто	0	0	0	0	0	0	0	0	0	0	0	0	0	0
716	Пусто	0	0	0	0	0	0	0	0	0	0	0	0	0	0
717	Пусто	0	0	0	0	0	0	0	0	0	0	0	0	0	0
718	Пусто	0	0	0	0	0	0	0	0	0	0	0	0	0	0
719	Пусто	0	0	0	0	0	0	0	0	0	0	0	0	0	0
720	Пусто	0	0	0	0	0	0	0	0	0	0	0	0	0	0
721	Пусто	0	0	0	0	0	0	0	0	0	0	0	0	0	0
722	Пусто	0	0	0	0	0	0	0	0	0	0	0	0	0	0
723	Пусто	0	0	0	0	0	0	0	0	0	0	0	0	0	0
724	Пусто	0	0	0	0	0	0	0	0	0	0	0	0	0	0
725	Пусто	0	0	0	0	0	0	0	0	0	0	0	0	0	0
726	Пусто	0	0	0	0	0	0	0	0	0	0	0	0	0	0
727	Пусто	0	0	0	0	0	0	0	0	0	0	0	0	0	0
728	Пусто	0	0	0	0	0	0	0	0	0	0	0	0	0	0
729	Пусто	0	0	0	0	0	0	0	0	0	0	0	0	0	0
730	Пусто	0	0	0	0	0	0	0	0	0	0	0	0	0	0
731	Пусто	0	0	0	0	0	0	0	0	0	0	0	0	0	0
732	Пусто	0	0	0	0	0	0	0	0	0	0	0	0	0	0
733	Пусто	0	0	0	0	0	0	0	0	0	0	0	0	0	0
734	Пусто	0	0	0	0	0	0	0	0	0	0	0	0	0	0
735	Пусто	0	0	0	0	0	0	0	0	0	0	0	0	0	0
736	Пусто	0	0	0	0	0	0	0	0	0	0	0	0	0	0
737	Пусто	0	0	0	0	0	0	0	0	0	0	0	0	0	0
738	Пусто	0	0	0	0	0	0	0	0	0	0	0	0	0	0
739	Пусто	0	0	0	0	0	0	0	0	0	0	0	0	0	0
740	Пусто	0	0	0	0	0	0	0	0	0	0	0	0	0	0
741	Пусто	0	0	0	0	0	0	0	0	0	0	0	0	0	0
742	Пусто	0	0	0	0	0	0	0	0	0	0	0	0	0	0
743	Пусто	0	0	0	0	0	0	0	0	0	0	0	0	0	0
744	Пусто	0	0	0	0	0	0	0	0	0	0	0	0	0	0
745	Пусто	0	0	0	0	0	0	0	0	0	0	0	0	0	0
746	Пусто	0	0	0	0	0	0	0	0	0	0	0	0	0	0
747	Пусто	0	0	0	0	0	0	0	0	0	0	0	0	0	0
748	Пусто	0	0	0	0	0	0	0	0	0	0	0	0	0	0
749	Пусто	0	0	0	0	0	0	0	0	0	0	0	0	0	0
750	Пусто	0	0	0	0	0	0	0	0	0	0	0	0	0	0
751	Пусто	0	0	0	0	0	0	0	0	0	0	0	0	0	0
752	Пусто	0	0	0	0	0	0	0	0	0	0	0	0	0	0
753	Пусто	0	0	0	0	0	0	0	0	0	0	0	0	0	0
754	Пусто	0	0	0	0	0	0	0	0	0	0	0	0	0	0
755	Пусто	0	0	0	0	0	0	0	0	0	0	0	0	0	0
756	Пусто	0	0	0	0	0	0	0	0	0	0	0	0	0	0
757	Пусто	0	0	0	0	0	0	0	0	0	0	0	0	0	0
758	Пусто	0	0	0	0	0	0	0	0	0	0	0	0	0	0
759	Пусто	0	0	0	0	0	0	0	0	0	0	0	0	0	0
760	Пусто	0	0	0	0	0	0	0	0	0	0	0	0	0	0
761	Пусто	0	0	0	0	0	0	0	0	0	0	0	0	0	0
762	Пусто	0	0	0	0	0	0	0	0	0	0	0	0	0	0
763	Пусто	0	0	0	0	0	0	0	0	0	0	0	0	0	0
764	Пусто	0	0	0	0	0	0	0	0	0	0	0	0	0	0
765	Пусто	0	0	0	0	0	0	0	0	0	0	0	0	0	0
766	Пусто	0	0	0	0	0	0	0	0	0	0	0	0	0	0
767	Пусто	0	0	0	0	0	0	0	0	0	0	0	0	0	0
768	Пусто	0	0	0	0	0	0	0	0	0	0	0	0	0	0
769	Пусто	0	0	0	0	0	0	0	0	0	0	0	0	0	0
770	Пусто	0	0	0	0	0	0	0	0	0	0	0	0	0	0
771	Пусто	0	0	0	0	0	0	0	0	0	0	0	0	0	0
772	Пусто	0	0	0	0	0	0	0	0	0	0	0	0	0	0
773	Пусто	0	0	0	0	0	0	0	0	0	0	0	0	0	0
774	Пусто	0	0	0	0	0	0	0	0	0	0	0	0	0	0
775	Пусто	0	0	0	0	0	0	0	0	0	0	0	0	0	0
776	Пусто	0	0	0	0	0	0	0	0	0	0	0	0	0	0
777	Пусто	0	0	0	0	0	0	0	0	0	0	0	0	0	0
778	Пусто	0	0	0	0	0	0	0	0	0	0	0	0	0	0
779	Пусто	0	0	0	0	0	0	0	0	0	0	0	0	0	0
780	Пусто	0	0	0	0	0	0	0	0	0	0	0	0	0	0
781	Пусто	0	0	0	0	0	0	0	0	0	0	0	0	0	0
782	Пусто	0	0	0	0	0	0	0	0	0	0	0	0	0	0
783	Пусто	0	0	0	0	0	0	0	0	0	0	0	0	0	0
784	Пусто	0	0	0	0	0	0	0	0	0	0	0	0	0	0
785	Пусто	0	0	0	0	0	0	0	0	0	0	0	0	0	0
786	Пусто	0	0	0	0	0	0	0	0	0	0	0	0	0	0
787	Пусто	0	0	0	0	0	0	0	0	0	0	0	0	0	0
788	Пусто	0	0	0	0	0	0	0	0	0	0	0	0	0	0
789	Пусто	0	0	0	0	0	0	0	0	0	0	0	0	0	0
790	Пусто	0	0	0	0	0	0	0	0	0	0	0	0	0	0
791	Пусто	0	0	0	0	0	0	0	0	0	0	0	0	0	0
792	Пусто	0	0	0	0	0	0	0	0	0	0	0	0	0	0
793	Пусто	0	0	0	0	0	0	0	0	0	0	0	0	0	0
794	Пусто	0	0	0	0	0	0	0	0	0	0	0	0	0	0
795	Пусто	0	0	0	0	0	0	0	0	0	0	0	0	0	0
796	Пусто	0	0	0	0	0	0	0	0	0	0	0	0	0	0
797	Пусто	0	0	0	0	0	0	0	0	0	0	0	0	0	0
798	Пусто	0	0	0	0	0	0	0	0	0	0	0	0	0	0
799	Пусто	0	0	0	0	0	0	0	0	0	0	0	0	0	0
800	Пусто	0	0	0	0	0	0	0	0	0	0	0	0	0	0
801	Пусто	0	0	0	0	0	0	0	0	0	0	0	0	0	0
802	Пусто	0	0	0	0	0	0	0	0	0	0	0	0	0	0
803	Пусто	0	0	0	0	0	0	0	0	0	0	0	0	0	0
804	Пусто	0	0	0	0	0	0	0	0	0	0	0	0	0	0
805	Пусто	0	0	0	0	0	0	0	0	0	0	0	0	0	0
806	Пусто	0	0	0	0	0	0	0	0	0	0	0	0	0	0
807	Пусто	0	0	0	0	0	0	0	0	0	0	0	0	0	0
808	Пусто	0	0	0	0	0	0	0	0	0	0	0	0	0	0
809	Пусто	0	0	0	0	0	0	0	0	0	0	0	0	0	0
810	Пусто	0	0	0	0	0	0	0	0	0	0	0	0	0	0
811	Пусто	0	0	0	0	0	0	0	0	0	0	0	0	0	0
812	Пусто	0	0	0	0	0	0	0	0	0	0	0	0	0	0
813	Пусто	0	0	0	0	0	0	0	0	0	0	0	0	0	0
814	Пусто	0	0	0	0	0	0	0	0	0	0	0	0	0	0
815	Пусто	0	0	0	0	0	0	0	0	0	0	0	0	0	0
816	Пусто	0	0	0	0	0	0	0	0	0	0	0	0	0	0
817	Пусто	0	0	0	0	0	0	0	0	0	0	0	0	0	0
818	Пусто	0	0	0	0	0	0	0	0	0	0	0	0	0	0
819	Пусто	0	0	0	0	0	0	0	0	0	0	0	0	0	0
820	Пусто	0	0	0	0	0	0	0	0	0	0	0	0	0	0
821	Пусто	0	0	0	0	0	0	0	0	0	0	0	0	0	0
822	Пусто	0	0	0	0	0	0	0	0	0	0	0	0	0	0
823	Пусто	0	0	0	0	0	0	0	0	0	0	0	0	0	0
824	Пусто	0	0	0	0	0	0	0	0	0	0	0	0	0	0
825	Пусто	0	0	0	0	0	0	0	0	0	0	0	0	0	0
826	Пусто	0	0	0	0	0	0	0	0	0	0	0	0	0	0
827	Пусто	0	0	0	0	0	0	0	0	0	0	0	0	0	0
828	Пусто	0	0	0	0	0	0	0	0	0	0	0	0	0	0
829	Пусто	0	0	0	0	0	0	0	0	0	0	0	0	0	0
830	Пусто	0	0	0	0	0	0	0	0	0	0	0	0	0	0
831	Пусто	0	0	0	0	0	0	0	0	0	0	0	0	0	0
832	Пусто	0	0	0	0	0	0	0	0	0	0	0	0	0	0
833	Пусто	0	0	0	0	0	0	0	0	0	0	0	0	0	0
834	Пусто	0	0	0	0	0	0	0	0	0	0	0	0	0	0
835	Пусто	0	0	0	0	0	0	0	0	0	0	0	0	0	0
836	Пусто	0	0	0	0	0	0	0	0	0	0	0	0	0	0
837	Пусто	0	0	0	0	0	0	0	0	0	0	0	0	0	0
838	Пусто	0	0	0	0	0	0	0	0	0	0	0	0	0	0
839	Пусто	0	0	0	0	0	0	0	0	0	0	0	0	0	0
840	Пусто	0	0	0	0	0	0	0	0	0	0	0	0	0	0
841	Пусто	0	0	0	0	0	0	0	0	0	0	0	0	0	0
842	Пусто	0	0	0	0	0	0	0	0	0	0	0	0	0	0
843	Пусто	0	0	0	0	0	0	0	0	0	0	0	0	0	0
844	Пусто	0	0	0	0	0	0	0	0	0	0	0	0	0	0
845	Пусто	0	0	0	0	0	0	0	0	0	0	0	0	0	0
846	Пусто	0	0	0	0	0	0	0	0	0	0	0	0	0	0
847	Пусто	0	0	0	0	0	0	0	0	0	0	0	0	0	0
848	Пусто	0	0	0	0	0	0	0	0	0	0	0	0	0	0
849	Пусто	0	0	0	0	0	0	0	0	0	0	0	0	0	0
850	Пусто	0	0	0	0	0	0	0	0	0	0	0	0	0	0
851	Пусто	0	0	0	0	0	0	0	0	0	0	0	0	0	0
852	Пусто	0	0	0	0	0	0	0	0	0	0	0	0	0	0
853	Пусто	0	0	0	0	0	0	0	0	0	0	0	0	0	0
854	Пусто	0	0	0	0	0	0	0	0	0	0	0	0	0	0
855	Пусто	0	0	0	0	0	0	0	0	0	0	0	0	0	0
856	Пусто	0	0	0	0	0	0	0	0	0	0	0	0	0	0
857	Пусто	0	0	0	0	0	0	0	0	0	0	0	0	0	0
858	Пусто	0	0	0	0	0	0	0	0	0	0	0	0	0	0
859	Пусто	0	0	0	0	0	0	0	0	0	0	0	0	0	0
860	Пусто	0	0	0	0	0	0	0	0	0	0	0	0	0	0
861	Пусто	0	0	0	0	0	0	0	0	0	0	0	0	0	0
862	Пусто	0	0	0	0	0	0	0	0	0	0	0	0	0	0
863	Пусто	0	0	0	0	0	0	0	0	0	0	0	0	0	0
864	Пусто	0	0	0	0	0	0	0	0	0	0	0	0	0	0
865	Пусто	0	0	0	0	0	0	0	0	0	0	0	0	0	0
866	Пусто	0	0	0	0	0	0	0	0	0	0	0	0	0	0
867	Пусто	0	0	0	0	0	0	0	0	0	0	0	0	0	0
868	Пусто	0	0	0	0	0	0	0	0	0	0	0	0	0	0
869	Пусто	0	0	0	0	0	0	0	0	0	0	0	0	0	0
870	Пусто	0	0	0	0	0	0	0	0	0	0	0	0	0	0
871	Пусто	0	0	0	0	0	0	0	0	0	0	0	0	0	0
872	Пусто	0	0	0	0	0	0	0	0	0	0	0	0	0	0
873	Пусто	0	0	0	0	0	0	0	0	0	0	0	0	0	0
874	Пусто	0	0	0	0	0	0	0	0	0	0	0	0	0	0
875	Пусто	0	0	0	0	0	0	0	0	0	0	0	0	0	0
876	Пусто	0	0	0	0	0	0	0	0	0	0	0	0	0	0
877	Пусто	0	0	0	0	0	0	0	0	0	0	0	0	0	0
878	Пусто	0	0	0	0	0	0	0	0	0	0	0	0	0	0
879	Пусто	0	0	0	0	0	0	0	0	0	0	0	0	0	0
880	Пусто	0	0	0	0	0	0	0	0	0	0	0	0	0	0
881	Пусто	0	0	0	0	0	0	0	0	0	0	0	0	0	0
882	Пусто	0	0	0	0	0	0	0	0	0	0	0	0	0	0
883	Пусто	0	0	0	0	0	0	0	0	0	0	0	0	0	0
884	Пусто	0	0	0	0	0	0	0	0	0	0	0	0	0	0
885	Пусто	0	0	0	0	0	0	0	0	0	0	0	0	0	0
886	Пусто	0	0	0	0	0	0	0	0	0	0	0	0	0	0
887	Пусто	0	0	0	0	0	0	0	0	0	0	0	0	0	0
888	Пусто	0	0	0	0	0	0	0	0	0	0	0	0	0	0
889	Пусто	0	0	0	0	0	0	0	0	0	0	0	0	0	0
890	Пусто	0	0	0	0	0	0	0	0	0	0	0	0	0	0
891	Пусто	0	0	0	0	0	0	0	0	0	0	0	0	0	0
892	Пусто	0	0	0	0	0	0	0	0	0	0	0	0	0	0
893	Пусто	0	0	0	0	0	0	0	0	0	0	0	0	0	0
894	Пусто	0	0	0	0	0	0	0	0	0	0	0	0	0	0
895	Пусто	0	0	0	0	0	0	0	0	0	0	0	0	0	0
896	Пусто	0	0	0	0	0	0	0	0	0	0	0	0	0	0
897	Пусто	0	0	0	0	0	0	0	0	0	0	0	0	0	0
898	Пусто	0	0	0	0	0	0	0	0	0	0	0	0	0	0
899	Пусто	0	0	0	0	0	0	0	0	0	0	0	0	0	0
900	Пусто	0	0	0	0	0	0	0	0	0	0	0	0	0	0
901	Пусто	0	0	0	0	0	0	0	0	0	0	0	0	0	0
902	Пусто	0	0	0	0	0	0	0	0	0	0	0	0	0	0
903	Пусто	0	0	0	0	0	0	0	0	0	0	0	0	0	0
904	Пусто	0	0	0	0	0	0	0	0	0	0	0	0	0	0
905	Пусто	0	0	0	0	0	0	0	0	0	0	0	0	0	0
906	Пусто	0	0	0	0	0	0	0	0	0	0	0	0	0	0
907	Пусто	0	0	0	0	0	0	0	0	0	0	0	0	0	0
908	Пусто	0	0	0	0	0	0	0	0	0	0	0	0	0	0
909	Пусто	0	0	0	0	0	0	0	0	0	0	0	0	0	0
910	Пусто	0	0	0	0	0	0	0	0	0	0	0	0	0	0
911	Пусто	0	0	0	0	0	0	0	0	0	0	0	0	0	0
912	Пусто	0	0	0	0	0	0	0	0	0	0	0	0	0	0
913	Пусто	0	0	0	0	0	0	0	0	0	0	0	0	0	0
914	Пусто	0	0	0	0	0	0	0	0	0	0	0	0	0	0
915	Пусто	0	0	0	0	0	0	0	0	0	0	0	0	0	0
916	Пусто	0	0	0	0	0	0	0	0	0	0	0	0	0	0
917	Пусто	0	0	0	0	0	0	0	0	0	0	0	0	0	0
918	Пусто	0	0	0	0	0	0	0	0	0	0	0	0	0	0
919	Пусто	0	0	0	0	0	0	0	0	0	0	0	0	0	0
920	Пусто	0	0	0	0	0	0	0	0	0	0	0	0	0	0
921	Пусто	0	0	0	0	0	0	0	0	0	0	0	0	0	0
922	Пусто	0	0	0	0	0	0	0	0	0	0	0	0	0	0
923	Пусто	0	0	0	0	0	0	0	0	0	0	0	0	0	0
924	Пусто	0	0	0	0	0	0	0	0	0	0	0	0	0	0
925	Пусто	0	0	0	0	0	0	0	0	0	0	0	0	0	0
926	Пусто	0	0	0	0	0	0	0	0	0	0	0	0	0	0
927	Пусто	0	0	0	0	0	0	0	0	0	0	0	0	0	0
928	Пусто	0	0	0	0	0	0	0	0	0	0	0	0	0	0
929	Пусто	0	0	0	0	0	0	0	0	0	0	0	0	0	0
930	Пусто	0	0	0	0	0	0	0	0	0	0	0	0	0	0
931	Пусто	0	0	0	0	0	0	0	0	0	0	0	0	0	0
932	Пусто	0	0	0	0	0	0	0	0	0	0	0	0	0	0
933	Пусто	0	0	0	0	0	0	0	0	0	0	0	0	0	0
934	Пусто	0	0	0	0	0	0	0	0	0	0	0	0	0	0
935	Пусто	0	0	0	0	0	0	0	0	0	0	0	0	0	0
936	Пусто	0	0	0	0	0	0	0	0	0	0	0	0	0	0
937	Пусто	0	0	0	0	0	0	0	0	0	0	0	0	0	0
938	Пусто	0	0	0	0	0	0	0	0	0	0	0	0	0	0
939	Пусто	0	0	0	0	0	0	0	0	0	0	0	0	0	0
940	Пусто	0	0	0	0	0	0	0	0	0	0	0	0	0	0
941	Пусто	0	0	0	0	0	0	0	0	0	0	0	0	0	0
942	Пусто	0	0	0	0	0	0	0	0	0	0	0	0	0	0
943	Пусто	0	0	0	0	0	0	0	0	0	0	0	0	0	0
944	Пусто	0	0	0	0	0	0	0	0	0	0	0	0	0	0
945	Пусто	0	0	0	0	0	0	0	0	0	0	0	0	0	0
946	Пусто	0	0	0	0	0	0	0	0	0	0	0	0	0	0
947	Пусто	0	0	0	0	0	0	0	0	0	0	0	0	0	0
948	Пусто	0	0	0	0	0	0	0	0	0	0	0	0	0	0
949	Пусто	0	0	0	0	0	0	0	0	0	0	0	0	0	0
950	Пусто	0	0	0	0	0	0	0	0	0	0	0	0	0	0
951	Пусто	0	0	0	0	0	0	0	0	0	0	0	0	0	0
952	Пусто	0	0	0	0	0	0	0	0	0	0	0	0	0	0
953	Пусто	0	0	0	0	0	0	0	0	0	0	0	0	0	0
954	Пусто	0	0	0	0	0	0	0	0	0	0	0	0	0	0
955	Пусто	0	0	0	0	0	0	0	0	0	0	0	0	0	0
956	Пусто	0	0	0	0	0	0	0	0	0	0	0	0	0	0
957	Пусто	0	0	0	0	0	0	0	0	0	0	0	0	0	0
958	Пусто	0	0	0	0	0	0	0	0	0	0	0	0	0	0
959	Пусто	0	0	0	0	0	0	0	0	0	0	0	0	0	0
960	Пусто	0	0	0	0	0	0	0	0	0	0	0	0	0	0
961	Пусто	0	0	0	0	0	0	0	0	0	0	0	0	0	0
962	Пусто	0	0	0	0	0	0	0	0	0	0	0	0	0	0
963	Пусто	0	0	0	0	0	0	0	0	0	0	0	0	0	0
964	Пусто	0	0	0	0	0	0	0	0	0	0	0	0	0	0
965	Пусто	0	0	0	0	0	0	0	0	0	0	0	0	0	0
966	Пусто	0	0	0	0	0	0	0	0	0	0	0	0	0	0
967	Пусто	0	0	0	0	0	0	0	0	0	0	0	0	0	0
968	Пусто	0	0	0	0	0	0	0	0	0	0	0	0	0	0
969	Пусто	0	0	0	0	0	0	0	0	0	0	0	0	0	0
970	Пусто	0	0	0	0	0	0	0	0	0	0	0	0	0	0
971	Пусто	0	0	0	0	0	0	0	0	0	0	0	0	0	0
972	Пусто	0	0	0	0	0	0	0	0	0	0	0	0	0	0
973	Пусто	0	0	0	0	0	0	0	0	0	0	0	0	0	0
974	Пусто	0	0	0	0	0	0	0	0	0	0	0	0	0	0
975	Пусто	0	0	0	0	0	0	0	0	0	0	0	0	0	0
976	Пусто	0	0	0	0	0	0	0	0	0	0	0	0	0	0
977	Пусто	0	0	0	0	0	0	0	0	0	0	0	0	0	0
978	Пусто	0	0	0	0	0	0	0	0	0	0	0	0	0	0
979	Пусто	0	0	0	0	0	0	0	0	0	0	0	0	0	0
980	Пусто	0	0	0	0	0	0	0	0	0	0	0	0	0	0
981	Пусто	0	0	0	0	0	0	0	0	0	0	0	0	0	0
982	Пусто	0	0	0	0	0	0	0	0	0	0	0	0	0	0
983	Пусто	0	0	0	0	0	0	0	0	0	0	0	0	0	0
984	Пусто	0	0	0	0	0	0	0	0	0	0	0	0	0	0
985	Пусто	0	0	0	0	0	0	0	0	0	0	0	0	0	0
986	Пусто	0	0	0	0	0	0	0	0	0	0	0	0	0	0
987	Пусто	0	0	0	0	0	0	0	0	0	0	0	0	0	0
988	Пусто	0	0	0	0	0	0	0	0	0	0	0	0	0	0
989	Пусто	0	0	0	0	0	0	0	0	0	0	0	0	0	0
990	Пусто	0	0	0	0	0	0	0	0	0	0	0	0	0	0
991	Пусто	0	0	0	0	0	0	0	0	0	0	0	0	0	0
992	Пусто	0	0	0	0	0	0	0	0	0	0	0	0	0	0
993	Пусто	0	0	0	0	0	0	0	0	0	0	0	0	0	0
994	Пусто	0	0	0	0	0	0	0	0	0	0	0	0	0	0
995	Пусто	0	0	0	0	0	0	0	0	0	0	0	0	0	0
996	Пусто	0	0	0	0	0	0	0	0	0	0	0	0	0	0
997	Пусто	0	0	0	0	0	0	0	0	0	0	0	0	0	0
998	Пусто	0	0	0	0	0	0	0	0	0	0	0	0	0	0
999	Пусто	0	0	0	0	0	0	0	0	0	0	0	0	0	0
1000	Пусто	0	0	0	0	0	0	0	0	0	0	0	0	0	0
